6
6
8
-1
4
-8
-8
5
-7
10
2
-5
6
3
-5
-6
2
8
-8
0
-6
7
10
-2
2
-6
6
-2
8
-9
2
4
0
-7
4
0
-2
-3
8
8
2
-3
-3
-5
-9
7
-8
2
8
-5
-9
-9
-6
-4
-4
-1
8
-9
-4
9
10
-5
-7
8
4
-6
-4
-1
8
5
4
-10
-1
2
5
-5
1
4
2
-10
-10
9
7
-7
-1
-1
9
5
10
2
-9
2
-8
4
-9
-3
-6
-9
2
3
2
9
1
-1
-2
6
-8
-10
-2
2
-6
-4
6
-7
2
5
-7
5
8
10
0
5
-4
3
-7
2
-2
-8
6
-6
-4
-1
7
8
4
-4
-1
-4
-3
7
7
-5
3
-10
8
-6
0
5
-5
-1
-1
-3
-10
8
8
-2
5
9
5
-10
-7
-5
5
4
-9
7
10
7
8
-2
9
-5
9
0
10
10
-2
-7
-2
-4
3
-6
-3
-8
8
7
-5
9
-4
5
0
5
9
-3
2
-9
1
-2
6
10
3
-6
0
0
-3
-6
-1
3
-3
-1
-9
-9
-3
-6
-3
-9
-4
-6
5
9
-10
2
-2
10
2
9
3
2
1
7
7
-7
-10
0
-5
1
4
10
-6
-3
8
-1
-10
-2
-1
-7
10
-2
0
-3
